
================================================================
RUN_DIR=/eos/user/c/cglenn/FCCWork/whizard/whizard_ttbar_spinpol/runs/phase7_bridge_LR100_epmum_s000_20260801T030224Z
================================================================
LHE=/eos/user/c/cglenn/FCCWork/whizard/whizard_ttbar_spinpol/runs/phase7_bridge_LR100_epmum_s000_20260801T030224Z/LR100_epmum_s000.canonical_v2.lhe
<LesHouchesEvents version="2.0">
<header>
</header>
<init>
 11 -11  1.8250000000E+02  1.8250000000E+02 -1 -1 -1 -1 3 1
  1.3055906079E-02  9.8578954297E-04  1.0000000000E+00 1
<generator version="3.1.8">WHIZARD</generator>
<xsecinfo neve="500" totxsec="1.3055906079E-02" />
</init>
<event>
 10 1 1.0000000000E+00 3.6499976698E+02 -1.0000000000E+00 1.1780000000E-01
 11 -1 0 0 0 0 0.0000000000E+00 0.0000000000E+00 1.8250000000E+02 1.8250000000E+02 5.1099700000E-04 0.0000000000E+00 9.0000000000E+00
 -11 -1 0 0 0 0 0.0000000000E+00 0.0000000000E+00 -1.8250000000E+02 1.8250000000E+02 5.1099700000E-04 0.0000000000E+00 9.0000000000E+00
 22 1 1 2 0 0 3.4644765164E-06 4.4305419532E-06 2.3295348215E-04 2.3302136629E-04 0.0000000000E+00 0.0000000000E+00 9.0000000000E+00
 22 1 1 2 0 0 0.0000000000E+00 0.0000000000E+00 -9.4125451763E-28 9.4125451763E-28 0.0000000000E+00 0.0000000000E+00 9.0000000000E+00
 5 1 1 2 501 0 7.0899572431E+01 -4.3891801004E+01 3.6564478000E+01 9.1147356614E+01 4.2000000000E+00 0.0000000000E+00 9.0000000000E+00
 -5 1 1 2 0 501 -1.9163727417E+01 -6.5900841226E+01 -1.4534051111E+01 7.0278360571E+01 4.2000000000E+00 0.0000000000E+00 9.0000000000E+00
 -11 1 1 2 0 0 -2.7859538864E+01 3.0637405430E+01 -4.0525066141E+01 5.7940361608E+01 5.1099815275E-04 0.0000000000E+00 9.0000000000E+00
 12 1 1 2 0 0 3.4996565846E+00 4.7428946356E+00 3.2393787101E+01 3.2925675216E+01 6.7434957617E-07 0.0000000000E+00 9.0000000000E+00
 13 1 1 2 0 0 -7.5366370490E+00 6.2947544521E+01 -4.2302208067E+01 7.6214711377E+01 1.0565838900E-01 0.0000000000E+00 9.0000000000E+00
 -14 1 1 2 0 0 -1.9839329150E+01 1.1464793213E+01 2.8402827266E+01 3.6493301594E+01 0.0000000000E+00 0.0000000000E+00 9.0000000000E+00
</event>
<event>
 10 1 1.0000000000E+00 3.6499998845E+02 -1.0000000000E+00 1.1780000000E-01
 11 -1 0 0 0 0 0.0000000000E+00 0.0000000000E+00 1.8250000000E+02 1.8250000000E+02 5.1099700000E-04 0.0000000000E+00 9.0000000000E+00
 -11 -1 0 0 0 0 0.0000000000E+00 0.0000000000E+00 -1.8250000000E+02 1.8250000000E+02 5.1099700000E-04 0.0000000000E+00 9.0000000000E+00
 22 1 1 2 0 0 5.1537882686E-06 8.2215000388E-07 1.0308914508E-05 1.1554703912E-05 2.2737367544E-13 0.0000000000E+00 9.0000000000E+00
 22 1 1 2 0 0 1.5068112350E-25 2.3366033080E-25 -1.6389478779E-25 3.2274363298E-25 -4.3578819961E-33 0.0000000000E+00 9.0000000000E+00
 5 1 1 2 501 0 8.1399782446E+00 -3.2935235911E+01 8.7533543048E+01 9.3972071218E+01 4.2000000000E+00 0.0000000000E+00 9.0000000000E+00
 -5 1 1 2 0 501 -2.0857575976E+01 2.8891559411E+00 -8.7110373868E+01 8.9717573156E+01 4.2000000000E+00 0.0000000000E+00 9.0000000000E+00
 -11 1 1 2 0 0 -3.6475984133E+01 -1.1927730756E+01 -3.7251340688E+01 5.3482993211E+01 5.1099904267E-04 0.0000000000E+00 9.0000000000E+00
 12 1 1 2 0 0 2.2090637359E+01 2.6482142909E+01 3.3644250238E+00 3.4649956822E+01 6.7434957617E-07 0.0000000000E+00 9.0000000000E+00
 13 1 1 2 0 0 -2.5162724537E+01 1.8814837539E+01 2.4945522836E+01 4.0117964692E+01 1.0565838900E-01 0.0000000000E+00 9.0000000000E+00
 -14 1 1 2 0 0 5.2265663889E+01 -3.3231705442E+00 8.5182133388E+00 5.3059429347E+01 -1.6518123699E-06 0.0000000000E+00 9.0000000000E+00
</event>
<event>
 10 1 1.0000000000E+00 3.6479587074E+02 -1.0000000000E+00 1.1780000000E-01
 11 -1 0 0 0 0 0.0000000000E+00 0.0000000000E+00 1.8250000000E+02 1.8250000000E+02 5.1099700000E-04 0.0000000000E+00 9.0000000000E+00
 -11 -1 0 0 0 0 0.0000000000E+00 0.0000000000E+00 -1.8250000000E+02 1.8250000000E+02 5.1099700000E-04 0.0000000000E+00 9.0000000000E+00
 22 1 1 2 0 0 -3.6888648802E-04 1.7578403332E-04 2.9885315688E-02 2.9888109191E-02 0.0000000000E+00 0.0000000000E+00 9.0000000000E+00
 22 1 1 2 0 0 -8.9047697786E-05 3.7236839524E-05 -1.7421257551E-01 1.7421260225E-01 -2.6341780319E-09 0.0000000000E+00 9.0000000000E+00
 5 1 1 2 501 0 -3.5669963286E+01 2.9562145207E+01 -4.5465615176E+01 6.5046359417E+01 4.2000000000E+00 0.0000000000E+00 9.0000000000E+00
 -5 1 1 2 0 501 2.9572319726E+01 -5.4086587204E+01 -1.5609506071E+01 6.3727370016E+01 4.2000000000E+00 0.0000000000E+00 9.0000000000E+00
 -11 1 1 2 0 0 3.3028683781E+01 -3.9836202640E+01 3.6052942427E+01 6.3068467961E+01 5.1099592794E-04 0.0000000000E+00 9.0000000000E+00
 12 1 1 2 0 0 -4.4628861438E+01 -2.1120280304E+01 2.1419949446E+01 5.3820216904E+01 1.1680077280E-06 0.0000000000E+00 9.0000000000E+00
 13 1 1 2 0 0 2.9086006115E+01 -2.4572933192E+00 8.2921624598E+00 3.0344771611E+01 1.0565838900E-01 0.0000000000E+00 9.0000000000E+00
 -14 1 1 2 0 0 -1.1387726964E+01 8.7938005240E+01 -4.5456058257E+00 8.8788713378E+01 2.3360154560E-06 0.0000000000E+00 9.0000000000E+00
</event>
<event>
 10 1 1.0000000000E+00 3.6496487284E+02 -1.0000000000E+00 1.1780000000E-01
 11 -1 0 0 0 0 0.0000000000E+00 0.0000000000E+00 1.8250000000E+02 1.8250000000E+02 5.1099700000E-04 0.0000000000E+00 9.0000000000E+00
 -11 -1 0 0 0 0 0.0000000000E+00 0.0000000000E+00 -1.8250000000E+02 1.8250000000E+02 5.1099700000E-04 0.0000000000E+00 9.0000000000E+00
 22 1 1 2 0 0 2.6023468561E-18 7.5541243925E-18 -2.4480499517E-18 8.3564318379E-18 1.4622625510E-25 0.0000000000E+00 9.0000000000E+00
 22 1 1 2 0 0 -2.0289246763E-04 3.2744894078E-05 -3.5124869922E-02 3.5125471166E-02 0.0000000000E+00 0.0000000000E+00 9.0000000000E+00
 5 1 1 2 501 0 -6.5738100428E+01 3.7842214854E+01 3.8795309206E+01 8.5300920800E+01 4.2000000000E+00 0.0000000000E+00 9.0000000000E+00
 -5 1 1 2 0 501 5.5585621591E+01 -4.7647800316E+01 1.9713254698E-02 7.3332902514E+01 4.2000000000E+00 0.0000000000E+00 9.0000000000E+00
 -11 1 1 2 0 0 3.4283060507E+01 -5.3423256706E+01 2.6433367443E+01 6.8761148256E+01 5.1099592794E-04 0.0000000000E+00 9.0000000000E+00
 12 1 1 2 0 0 -1.1403741058E+01 2.1531662874E+00 -2.6447683846E+01 2.8881852710E+01 -5.8400386400E-07 0.0000000000E+00 9.0000000000E+00
 13 1 1 2 0 0 -3.3680677280E+01 -1.2851852682E+00 -3.0807100901E+00 3.3845851467E+01 1.0565838900E-01 0.0000000000E+00 9.0000000000E+00
 -14 1 1 2 0 0 2.0954039560E+01 6.2360828404E+01 -3.5684871098E+01 7.4842198782E+01 -1.3486991523E-06 0.0000000000E+00 9.0000000000E+00
</event>
<event>
 10 1 1.0000000000E+00 3.6478895247E+02 -1.0000000000E+00 1.1780000000E-01
 11 -1 0 0 0 0 0.0000000000E+00 0.0000000000E+00 1.8250000000E+02 1.8250000000E+02 5.1099700000E-04 0.0000000000E+00 9.0000000000E+00
 -11 -1 0 0 0 0 0.0000000000E+00 0.0000000000E+00 -1.8250000000E+02 1.8250000000E+02 5.1099700000E-04 0.0000000000E+00 9.0000000000E+00
 22 1 1 2 0 0 -8.7838417412E-05 -2.1194051376E-04 2.1091307850E-01 2.1091320328E-01 2.6341780319E-09 0.0000000000E+00 9.0000000000E+00
 22 1 1 2 0 0 -9.3187925196E-07 3.3782433387E-06 -7.3313424094E-05 7.3397132638E-05 9.0949470177E-13 0.0000000000E+00 9.0000000000E+00
 5 1 1 2 501 0 -2.0049824882E+01 -3.5028163921E+01 -3.9419647674E+01 5.6573106404E+01 4.2000000000E+00 0.0000000000E+00 9.0000000000E+00
 -5 1 1 2 0 501 4.7206218227E+01 3.6949842007E+01 -6.4329713783E+01 8.8032209668E+01 4.2000000000E+00 0.0000000000E+00 9.0000000000E+00
 -11 1 1 2 0 0 3.7640517059E+01 -6.4340751605E+00 7.3439042063E+01 8.2773780553E+01 5.1099681787E-04 0.0000000000E+00 9.0000000000E+00
 12 1 1 2 0 0 -2.7613636027E+01 2.4044101823E+01 2.1448410500E+01 4.2434255503E+01 -4.7683715820E-07 0.0000000000E+00 9.0000000000E+00
 13 1 1 2 0 0 -1.2209843187E+01 -4.6833738121E+01 -1.5464202433E+01 5.0809763015E+01 1.0565838901E-01 0.0000000000E+00 9.0000000000E+00
 -14 1 1 2 0 0 -2.4973342420E+01 2.7302241935E+01 2.4115271562E+01 4.4165898257E+01 6.7434957617E-07 0.0000000000E+00 9.0000000000E+00
</event>
<event>
 10 1 1.0000000000E+00 3.6471923841E+02 -1.0000000000E+00 1.1780000000E-01
 11 -1 0 0 0 0 0.0000000000E+00 0.0000000000E+00 1.8250000000E+02 1.8250000000E+02 5.1099700000E-04 0.0000000000E+00 9.0000000000E+00
 -11 -1 0 0 0 0 0.0000000000E+00 0.0000000000E+00 -1.8250000000E+02 1.8250000000E+02 5.1099700000E-04 0.0000000000E+00 9.0000000000E+00
 22 1 1 2 0 0 2.8922072686E-02 9.0136213567E-02 2.6420715876E-01 2.8065360504E-01 0.0000000000E+00 0.0000000000E+00 9.0000000000E+00
 22 1 1 2 0 0 1.8445531404E-17 1.1951737451E-17 3.1462116289E-17 3.8378984070E-17 -4.1359030628E-25 0.0000000000E+00 9.0000000000E+00
 5 1 1 2 501 0 -1.7332614623E+01 3.1379435614E+01 3.4772159297E+01 5.0118176057E+01 4.2000000000E+00 0.0000000000E+00 9.0000000000E+00
 -5 1 1 2 0 501 -2.9963050344E+01 -5.9419134438E+01 3.3867045407E+01 7.4786594306E+01 4.2000000000E+00 0.0000000000E+00 9.0000000000E+00
 -11 1 1 2 0 0 4.5471059750E+01 -1.9491195782E+01 1.2301701854E+00 4.9487749057E+01 5.1099681787E-04 0.0000000000E+00 9.0000000000E+00
 12 1 1 2 0 0 8.3462732082E+00 -3.0739333641E+01 -7.6001828490E+01 8.2406582523E+01 2.1324805999E-06 0.0000000000E+00 9.0000000000E+00
 13 1 1 2 0 0 -7.0321560130E+00 6.8539121870E+00 3.0825725890E+01 3.2352184947E+01 1.0565838900E-01 0.0000000000E+00 9.0000000000E+00
 -14 1 1 2 0 0 4.8156594975E-01 7.1326179846E+01 -2.4957479448E+01 7.5568059506E+01 2.5231850730E-06 0.0000000000E+00 9.0000000000E+00
</event>
<event>
 10 1 1.0000000000E+00 3.6438700922E+02 -1.0000000000E+00 1.1780000000E-01
 11 -1 0 0 0 0 0.0000000000E+00 0.0000000000E+00 1.8250000000E+02 1.8250000000E+02 5.1099700000E-04 0.0000000000E+00 9.0000000000E+00
 -11 -1 0 0 0 0 0.0000000000E+00 0.0000000000E+00 -1.8250000000E+02 1.8250000000E+02 5.1099700000E-04 0.0000000000E+00 9.0000000000E+00
 22 1 1 2 0 0 -3.0997240647E-06 3.5485636361E-05 6.1183690450E-01 6.1183690553E-01 -7.4505805969E-09 0.0000000000E+00 9.0000000000E+00
 22 1 1 2 0 0 -7.7048208663E-08 7.9210575760E-07 -6.4128334733E-04 6.4128384116E-04 -7.2759576142E-12 0.0000000000E+00 9.0000000000E+00
 5 1 1 2 501 0 6.9020543243E+01 -1.1730136867E+01 4.3920747263E+01 8.2753269063E+01 4.2000000000E+00 0.0000000000E+00 9.0000000000E+00
 -5 1 1 2 0 501 1.6754152590E+01 -4.4918293305E+01 -4.2276729491E+01 6.4057135113E+01 4.2000000000E+00 0.0000000000E+00 9.0000000000E+00
 -11 1 1 2 0 0 -1.4680255562E+01 -3.1517886435E+01 -3.6345261438E+01 5.0297764344E+01 5.1099548298E-04 0.0000000000E+00 9.0000000000E+00
 12 1 1 2 0 0 -3.7889501900E+01 8.8413598133E+00 3.0828000390E+01 4.9640201507E+01 -1.3486991523E-06 0.0000000000E+00 9.0000000000E+00
 13 1 1 2 0 0 9.5091786231E+00 -6.8251574673E+00 1.6859525539E+01 2.0524668515E+01 1.0565838900E-01 0.0000000000E+00 9.0000000000E+00
 -14 1 1 2 0 0 -4.2714113817E+01 8.6150077984E+01 -1.3597477885E+01 9.7114483269E+01 0.0000000000E+00 0.0000000000E+00 9.0000000000E+00
</event>
<event>
 10 1 1.0000000000E+00 3.6499985815E+02 -1.0000000000E+00 1.1780000000E-01
 11 -1 0 0 0 0 0.0000000000E+00 0.0000000000E+00 1.8250000000E+02 1.8250000000E+02 5.1099700000E-04 0.0000000000E+00 9.0000000000E+00
 -11 -1 0 0 0 0 0.0000000000E+00 0.0000000000E+00 -1.8250000000E+02 1.8250000000E+02 5.1099700000E-04 0.0000000000E+00 9.0000000000E+00
 22 1 1 2 0 0 3.0694523471E-05 -3.2976611488E-06 1.3819252147E-04 1.4159873350E-04 1.8189894035E-12 0.0000000000E+00 9.0000000000E+00
 22 1 1 2 0 0 4.1846157886E-08 -3.4701526329E-08 -2.4853343620E-07 2.5440944512E-07 3.5527136788E-15 0.0000000000E+00 9.0000000000E+00
 5 1 1 2 501 0 5.5500931228E+01 -2.8275200356E+01 -1.6332130824E+01 6.4530758710E+01 4.2000000000E+00 0.0000000000E+00 9.0000000000E+00
 -5 1 1 2 0 501 -2.4480574034E+01 -2.7182787947E+01 -4.5194999875E+01 5.8296058866E+01 4.2000000000E+00 0.0000000000E+00 9.0000000000E+00
 -11 1 1 2 0 0 -1.9917134510E+01 4.3956059522E+01 -5.7606523046E+01 7.5148778523E+01 5.1099681787E-04 0.0000000000E+00 9.0000000000E+00
 12 1 1 2 0 0 -2.5580675079E+01 2.0933388684E+01 2.8618610945E+01 4.3721877724E+01 -1.2615925365E-06 0.0000000000E+00 9.0000000000E+00
 13 1 1 2 0 0 -1.9781529709E+01 -3.2320689657E+01 6.3776470976E+01 7.4184805124E+01 1.0565838899E-01 0.0000000000E+00 9.0000000000E+00
 -14 1 1 2 0 0 3.4258951367E+01 2.2889233087E+01 2.6738433880E+01 4.9117579200E+01 -6.7434957617E-07 0.0000000000E+00 9.0000000000E+00
</event>
<event>
 10 1 1.0000000000E+00 3.6339692682E+02 -1.0000000000E+00 1.1780000000E-01
 11 -1 0 0 0 0 0.0000000000E+00 0.0000000000E+00 1.8250000000E+02 1.8250000000E+02 5.1099700000E-04 0.0000000000E+00 9.0000000000E+00
 -11 -1 0 0 0 0 0.0000000000E+00 0.0000000000E+00 -1.8250000000E+02 1.8250000000E+02 5.1099700000E-04 0.0000000000E+00 9.0000000000E+00
 22 1 1 2 0 0 1.5216241738E-04 -4.4401831425E-04 1.5995526249E+00 1.5995526938E+00 -2.1073424255E-08 0.0000000000E+00 9.0000000000E+00
 22 1 1 2 0 0 -8.9286850890E-09 2.4437131815E-08 -1.5364415996E-07 1.5583139196E-07 0.0000000000E+00 0.0000000000E+00 9.0000000000E+00
 5 1 1 2 501 0 -4.6222579869E+01 -6.9751522572E+00 -4.4489461259E+01 6.4669403908E+01 4.2000000000E+00 0.0000000000E+00 9.0000000000E+00
 -5 1 1 2 0 501 -4.2787135798E+01 5.6392361546E+01 -2.0639278736E+01 7.3854297487E+01 4.2000000000E+00 0.0000000000E+00 9.0000000000E+00
 -11 1 1 2 0 0 1.2937721794E+01 2.4746670537E+01 -2.1161940619E+01 3.5037267002E+01 5.1099726283E-04 0.0000000000E+00 9.0000000000E+00
 12 1 1 2 0 0 6.9848111070E+01 -3.2685793686E+01 2.4376268605E+01 8.0878440885E+01 -1.3486991523E-06 0.0000000000E+00 9.0000000000E+00
 13 1 1 2 0 0 1.3846815502E+01 -2.5124454977E+01 -1.4399677205E+01 3.2098822483E+01 1.0565838900E-01 0.0000000000E+00 9.0000000000E+00
 -14 1 1 2 0 0 -7.6230848531E+00 -1.6353187169E+01 7.4714536743E+01 7.6862215386E+01 9.5367431641E-07 0.0000000000E+00 9.0000000000E+00
</event>
<event>
 10 1 1.0000000000E+00 3.6498495088E+02 -1.0000000000E+00 1.1780000000E-01
 11 -1 0 0 0 0 0.0000000000E+00 0.0000000000E+00 1.8250000000E+02 1.8250000000E+02 5.1099700000E-04 0.0000000000E+00 9.0000000000E+00
 -11 -1 0 0 0 0 0.0000000000E+00 0.0000000000E+00 -1.8250000000E+02 1.8250000000E+02 5.1099700000E-04 0.0000000000E+00 9.0000000000E+00
 22 1 1 2 0 0 6.8460226200E-05 -1.1496343754E-05 1.5048643374E-02 1.5048803487E-02 -2.3283064365E-10 0.0000000000E+00 9.0000000000E+00
 22 1 1 2 0 0 -4.5334517784E-09 4.1101635940E-09 -4.0248632750E-09 7.3242852333E-09 -1.3597399555E-16 0.0000000000E+00 9.0000000000E+00
 5 1 1 2 501 0 5.2087653229E+01 2.1869290799E+01 2.3907294615E+01 6.1486488229E+01 4.2000000000E+00 0.0000000000E+00 9.0000000000E+00
 -5 1 1 2 0 501 -5.4217835729E+01 -4.7476969634E+01 3.7458562024E+01 8.1329085976E+01 4.2000000000E+00 0.0000000000E+00 9.0000000000E+00
 -11 1 1 2 0 0 -6.3517977297E+01 4.0491454564E-01 -6.2249549609E+01 8.8936515687E+01 5.1099948762E-04 0.0000000000E+00 9.0000000000E+00
 12 1 1 2 0 0 2.0895617322E+01 -1.6391561500E+01 -1.7386911464E+01 3.1742948854E+01 5.8400386400E-07 0.0000000000E+00 9.0000000000E+00
 13 1 1 2 0 0 5.1585117197E+00 -2.2748921667E+01 1.0376837087E+01 2.5530640255E+01 1.0565838899E-01 0.0000000000E+00 9.0000000000E+00
 -14 1 1 2 0 0 3.9593962299E+01 6.4343258950E+01 7.8787187074E+00 7.5959272188E+01 -1.9073486328E-06 0.0000000000E+00 9.0000000000E+00
</event>
<event>
 10 1 1.0000000000E+00 3.6499979217E+02 -1.0000000000E+00 1.1780000000E-01
 11 -1 0 0 0 0 0.0000000000E+00 0.0000000000E+00 1.8250000000E+02 1.8250000000E+02 5.1099700000E-04 0.0000000000E+00 9.0000000000E+00
 -11 -1 0 0 0 0 0.0000000000E+00 0.0000000000E+00 -1.8250000000E+02 1.8250000000E+02 5.1099700000E-04 0.0000000000E+00 9.0000000000E+00
 22 1 1 2 0 0 -2.3509096350E-10 -2.8413232539E-10 3.3139684372E-10 4.9580521123E-10 0.0000000000E+00 0.0000000000E+00 9.0000000000E+00
 22 1 1 2 0 0 8.4860959007E-06 -1.6254556427E-06 -2.0765254967E-04 2.0783223358E-04 2.5724394843E-12 0.0000000000E+00 9.0000000000E+00
 5 1 1 2 501 0 -5.0399746558E+01 -3.8126720005E+01 5.7918357875E+01 8.5825156047E+01 4.2000000000E+00 0.0000000000E+00 9.0000000000E+00
 -5 1 1 2 0 501 -5.0242072086E+01 2.8276200442E+01 2.1324530643E+01 6.1613187924E+01 4.2000000000E+00 0.0000000000E+00 9.0000000000E+00
 -11 1 1 2 0 0 2.0581082878E+01 -5.3144061607E+00 2.6107386333E+01 3.3666296302E+01 5.1099659538E-04 0.0000000000E+00 9.0000000000E+00
 12 1 1 2 0 0 2.0045479399E+01 -8.0217724296E+00 -5.8558933231E+01 6.2412488641E+01 2.1324805999E-06 0.0000000000E+00 9.0000000000E+00
 13 1 1 2 0 0 5.6044885382E+01 -2.1453233604E+01 -4.7697660922E+01 7.6657344271E+01 1.0565838898E-01 0.0000000000E+00 9.0000000000E+00
 -14 1 1 2 0 0 3.9703625000E+00 4.4639933383E+01 9.0652695380E-01 4.4825318983E+01 8.2590618494E-07 0.0000000000E+00 9.0000000000E+00
</event>
<event>
 10 1 1.0000000000E+00 3.6411899702E+02 -1.0000000000E+00 1.1780000000E-01
 11 -1 0 0 0 0 0.0000000000E+00 0.0000000000E+00 1.8250000000E+02 1.8250000000E+02 5.1099700000E-04 0.0000000000E+00 9.0000000000E+00
 -11 -1 0 0 0 0 0.0000000000E+00 0.0000000000E+00 -1.8250000000E+02 1.8250000000E+02 5.1099700000E-04 0.0000000000E+00 9.0000000000E+00
 22 1 1 2 0 0 -9.4572209539E-02 8.7118101321E-01 -7.9839900346E-02 8.7992878705E-01 -1.0536712128E-08 0.0000000000E+00 9.0000000000E+00
 22 1 1 2 0 0 -8.2431969605E-07 4.8874392661E-06 -9.7761424226E-06 1.0960817771E-05 0.0000000000E+00 0.0000000000E+00 9.0000000000E+00
 5 1 1 2 501 0 7.8723511344E+01 -3.7227090699E+01 1.6021849004E+01 8.8643032246E+01 4.2000000000E+00 0.0000000000E+00 9.0000000000E+00
 -5 1 1 2 0 501 -7.3595831200E+01 1.6090684272E+00 2.8341992224E+01 7.8992683170E+01 4.2000000000E+00 0.0000000000E+00 9.0000000000E+00
 -11 1 1 2 0 0 -4.6092070276E+01 -2.3154217447E+01 1.1285525821E+01 5.2801134659E+01 5.1099681787E-04 0.0000000000E+00 9.0000000000E+00
 12 1 1 2 0 0 1.2058561291E+00 1.5441855849E+01 -3.9508071113E+01 4.2435747715E+01 9.5367431641E-07 0.0000000000E+00 9.0000000000E+00
 13 1 1 2 0 0 6.9637539263E+00 6.0637805023E+01 -1.8294240377E+00 6.1063861839E+01 1.0565838900E-01 0.0000000000E+00 9.0000000000E+00
 -14 1 1 2 0 0 3.2889353111E+01 -1.8178607053E+01 -1.4232022222E+01 4.0183600622E+01 -1.0662402999E-06 0.0000000000E+00 9.0000000000E+00
</event>
<event>
 10 1 1.0000000000E+00 3.6499384387E+02 -1.0000000000E+00 1.1780000000E-01
 11 -1 0 0 0 0 0.0000000000E+00 0.0000000000E+00 1.8250000000E+02 1.8250000000E+02 5.1099700000E-04 0.0000000000E+00 9.0000000000E+00
 -11 -1 0 0 0 0 0.0000000000E+00 0.0000000000E+00 -1.8250000000E+02 1.8250000000E+02 5.1099700000E-04 0.0000000000E+00 9.0000000000E+00
 22 1 1 2 0 0 -1.1371496126E-08 -6.3846853352E-09 2.7286128024E-08 3.0242485240E-08 0.0000000000E+00 0.0000000000E+00 9.0000000000E+00
 22 1 1 2 0 0 2.5186159483E-06 -5.4703564791E-06 -6.1560466736E-03 6.1560496193E-03 -8.2318063498E-11 0.0000000000E+00 9.0000000000E+00
 5 1 1 2 501 0 -3.1962104305E+01 -4.5415717895E+01 4.4332691387E+01 7.1184205195E+01 4.2000000000E+00 0.0000000000E+00 9.0000000000E+00
 -5 1 1 2 0 501 -5.4978943839E+00 -4.7294230906E+01 5.1137827188E+01 6.9997774887E+01 4.2000000000E+00 0.0000000000E+00 9.0000000000E+00
 -11 1 1 2 0 0 5.0287991816E+00 5.4642647611E+01 -4.1277373580E+01 6.8665342998E+01 5.1099503802E-04 0.0000000000E+00 9.0000000000E+00
 12 1 1 2 0 0 3.1608110434E+01 5.9340050998E+00 2.2753050641E+01 3.9395258283E+01 -9.5367431641E-07 0.0000000000E+00 9.0000000000E+00
 13 1 1 2 0 0 -2.3078235346E+01 3.3779454383E+01 -6.5953686930E+00 4.1438708196E+01 1.0565838900E-01 0.0000000000E+00 9.0000000000E+00
 -14 1 1 2 0 0 2.3901321912E+01 -1.6461528160E+00 -7.0344670924E+01 7.4312554361E+01 9.5367431641E-07 0.0000000000E+00 9.0000000000E+00
</event>
<event>
 10 1 1.0000000000E+00 3.6499997339E+02 -1.0000000000E+00 1.1780000000E-01

================================================================
RUN_DIR=/eos/user/c/cglenn/FCCWork/whizard/whizard_ttbar_spinpol/runs/phase7_bridge_RL100_epmum_s003_20260803T180627Z
================================================================
LHE=/eos/user/c/cglenn/FCCWork/whizard/whizard_ttbar_spinpol/runs/phase7_bridge_RL100_epmum_s003_20260803T180627Z/RL100_epmum_s003.canonical_v2.lhe
<LesHouchesEvents version="2.0">
<header>
</header>
<init>
 11 -11  1.8250000000E+02  1.8250000000E+02 -1 -1 -1 -1 3 1
  3.8150888396E-03  2.6750056317E-04  1.0000000000E+00 1
<generator version="3.1.8">WHIZARD</generator>
<xsecinfo neve="500" totxsec="3.8150888396E-03" />
</init>
<event>
 10 1 1.0000000000E+00 3.6499996230E+02 -1.0000000000E+00 1.1780000000E-01
 11 -1 0 0 0 0 0.0000000000E+00 0.0000000000E+00 1.8250000000E+02 1.8250000000E+02 5.1099700000E-04 0.0000000000E+00 9.0000000000E+00
 -11 -1 0 0 0 0 0.0000000000E+00 0.0000000000E+00 -1.8250000000E+02 1.8250000000E+02 5.1099700000E-04 0.0000000000E+00 9.0000000000E+00
 22 1 1 2 0 0 6.7734361126E-06 -5.9593135656E-07 3.7086374355E-05 3.7704558528E-05 0.0000000000E+00 0.0000000000E+00 9.0000000000E+00
 22 1 1 2 0 0 5.5960081309E-21 3.4812304877E-21 1.1597813842E-20 1.3339548667E-20 1.4279907725E-28 0.0000000000E+00 9.0000000000E+00
 5 1 1 2 501 0 1.0054576863E+01 7.1696076202E+00 -5.1516679748E+01 5.3142319122E+01 4.2000000000E+00 0.0000000000E+00 9.0000000000E+00
 -5 1 1 2 0 501 -7.5640658260E+01 -1.7299924973E+01 -1.0867147340E+01 7.8463567835E+01 4.2000000000E+00 0.0000000000E+00 9.0000000000E+00
 -11 1 1 2 0 0 -3.3739010663E+01 7.1239574473E+00 2.2731928323E+01 4.1301479099E+01 5.1099770779E-04 0.0000000000E+00 9.0000000000E+00
 12 1 1 2 0 0 2.4661563697E+01 -6.3621574389E+01 5.5899229970E+01 8.8207830508E+01 9.5367431641E-07 0.0000000000E+00 9.0000000000E+00
 13 1 1 2 0 0 2.2971470284E+01 1.3621589594E+01 -1.3181509705E+01 2.9782537029E+01 1.0565838900E-01 0.0000000000E+00 9.0000000000E+00
 -14 1 1 2 0 0 5.1692051306E+01 5.3006345296E+01 -3.0658585849E+00 7.4102228702E+01 0.0000000000E+00 0.0000000000E+00 9.0000000000E+00
</event>
<event>
 10 1 1.0000000000E+00 3.6474990613E+02 -1.0000000000E+00 1.1780000000E-01
 11 -1 0 0 0 0 0.0000000000E+00 0.0000000000E+00 1.8250000000E+02 1.8250000000E+02 5.1099700000E-04 0.0000000000E+00 9.0000000000E+00
 -11 -1 0 0 0 0 0.0000000000E+00 0.0000000000E+00 -1.8250000000E+02 1.8250000000E+02 5.1099700000E-04 0.0000000000E+00 9.0000000000E+00
 22 1 1 2 0 0 2.4466692779E-15 3.7195985548E-15 6.2209624619E-15 7.6499658768E-15 0.0000000000E+00 0.0000000000E+00 9.0000000000E+00
 22 1 1 2 0 0 1.2133616402E-01 -4.2416393412E-02 -2.1443525551E-01 2.5000818774E-01 0.0000000000E+00 0.0000000000E+00 9.0000000000E+00
 5 1 1 2 501 0 -1.8199371590E+00 6.7966720077E+01 9.3798899384E+00 6.8763431739E+01 4.2000000000E+00 0.0000000000E+00 9.0000000000E+00
 -5 1 1 2 0 501 -2.5365758677E+01 1.3844304467E+01 5.0597804779E+01 5.8419725503E+01 4.2000000000E+00 0.0000000000E+00 9.0000000000E+00
 -11 1 1 2 0 0 -3.6429338522E+01 -1.4067555879E+01 4.7883385718E+01 6.1788441165E+01 5.1099770779E-04 0.0000000000E+00 9.0000000000E+00
 12 1 1 2 0 0 -8.7077779448E+00 -4.6507903469E+01 -2.1858103408E+01 5.2120889924E+01 -9.5367431641E-07 0.0000000000E+00 9.0000000000E+00
 13 1 1 2 0 0 2.1547930266E+01 -3.0583766586E+01 -3.9407041294E+01 5.4337888665E+01 1.0565838901E-01 0.0000000000E+00 9.0000000000E+00
 -14 1 1 2 0 0 5.0653545873E+01 9.3906177847E+00 -4.6381500477E+01 6.9319614817E+01 1.3486991523E-06 0.0000000000E+00 9.0000000000E+00
</event>
<event>
 10 1 1.0000000000E+00 3.6458614920E+02 -1.0000000000E+00 1.1780000000E-01
 11 -1 0 0 0 0 0.0000000000E+00 0.0000000000E+00 1.8250000000E+02 1.8250000000E+02 5.1099700000E-04 0.0000000000E+00 9.0000000000E+00
 -11 -1 0 0 0 0 0.0000000000E+00 0.0000000000E+00 -1.8250000000E+02 1.8250000000E+02 5.1099700000E-04 0.0000000000E+00 9.0000000000E+00
 22 1 1 2 0 0 -1.6748898072E-13 -4.0736590365E-13 -4.9652801690E-13 6.6373157955E-13 9.5830838543E-21 0.0000000000E+00 9.0000000000E+00
 22 1 1 2 0 0 3.0395851063E-02 3.9567275125E-02 -4.1059575014E-01 4.1361618326E-01 0.0000000000E+00 0.0000000000E+00 9.0000000000E+00
 5 1 1 2 501 0 -1.2673618427E+01 1.8611421130E+01 -5.5007518849E+01 5.9585843373E+01 4.2000000000E+00 0.0000000000E+00 9.0000000000E+00
 -5 1 1 2 0 501 -2.1824139152E+01 -2.7475267778E+01 6.0917470890E+01 7.0425575247E+01 4.2000000000E+00 0.0000000000E+00 9.0000000000E+00
 -11 1 1 2 0 0 1.7612394403E+01 -2.1202521769E+01 -1.5699734636E+00 2.7608118061E+01 5.1099581670E-04 0.0000000000E+00 9.0000000000E+00
 12 1 1 2 0 0 3.1594017033E+01 3.6973729772E+01 7.7679982330E+01 9.1648340194E+01 -3.0157829858E-06 0.0000000000E+00 9.0000000000E+00
 13 1 1 2 0 0 -1.7760187904E+01 -2.4907971028E+01 1.1159901034E+00 3.0611891362E+01 1.0565838899E-01 0.0000000000E+00 9.0000000000E+00
 -14 1 1 2 0 0 3.0211381975E+00 1.7961042399E+01 -8.2725355261E+01 8.4706615580E+01 1.3486991523E-06 0.0000000000E+00 9.0000000000E+00
</event>
<event>
 10 1 1.0000000000E+00 3.6500000000E+02 -1.0000000000E+00 1.1780000000E-01
 11 -1 0 0 0 0 0.0000000000E+00 0.0000000000E+00 1.8250000000E+02 1.8250000000E+02 5.1099700000E-04 0.0000000000E+00 9.0000000000E+00
 -11 -1 0 0 0 0 0.0000000000E+00 0.0000000000E+00 -1.8250000000E+02 1.8250000000E+02 5.1099700000E-04 0.0000000000E+00 9.0000000000E+00
 22 1 1 2 0 0 4.3665908202E-14 5.6592531479E-14 1.1677228258E-13 1.3691308242E-13 0.0000000000E+00 0.0000000000E+00 9.0000000000E+00
 22 1 1 2 0 0 0.0000000000E+00 0.0000000000E+00 -6.0662839114E-47 6.0662839114E-47 0.0000000000E+00 0.0000000000E+00 9.0000000000E+00
 5 1 1 2 501 0 1.9247057727E+01 -4.7419816325E+01 -1.7068570276E+01 5.4111591205E+01 4.2000000000E+00 0.0000000000E+00 9.0000000000E+00
 -5 1 1 2 0 501 3.9880457612E+01 -4.1193454789E+01 -5.2131354588E+01 7.7605861557E+01 4.2000000000E+00 0.0000000000E+00 9.0000000000E+00
 -11 1 1 2 0 0 2.6582139176E+00 -1.1628547027E+01 1.3836989093E+01 1.8268866265E+01 5.1099704035E-04 0.0000000000E+00 9.0000000000E+00
 12 1 1 2 0 0 -7.0482708306E+01 8.2932406415E+01 -9.1406138077E+00 1.0922063461E+02 -1.9073486328E-06 0.0000000000E+00 9.0000000000E+00
 13 1 1 2 0 0 2.7495963365E+01 6.2591169856E-01 -8.3360666824E+00 2.8738840238E+01 1.0565838900E-01 0.0000000000E+00 9.0000000000E+00
 -14 1 1 2 0 0 -1.8798984315E+01 1.6683500027E+01 7.2839616261E+01 7.7054206125E+01 0.0000000000E+00 0.0000000000E+00 9.0000000000E+00
</event>
<event>
 10 1 1.0000000000E+00 3.6499865933E+02 -1.0000000000E+00 1.1780000000E-01
 11 -1 0 0 0 0 0.0000000000E+00 0.0000000000E+00 1.8250000000E+02 1.8250000000E+02 5.1099700000E-04 0.0000000000E+00 9.0000000000E+00
 -11 -1 0 0 0 0 0.0000000000E+00 0.0000000000E+00 -1.8250000000E+02 1.8250000000E+02 5.1099700000E-04 0.0000000000E+00 9.0000000000E+00
 22 1 1 2 0 0 -1.5742197417E-05 -1.9317416363E-06 1.3405762098E-03 1.3406700275E-03 2.0579515874E-11 0.0000000000E+00 9.0000000000E+00
 22 1 1 2 0 0 0.0000000000E+00 0.0000000000E+00 -7.6326310898E-28 7.6326310898E-28 0.0000000000E+00 0.0000000000E+00 9.0000000000E+00
 5 1 1 2 501 0 3.2397699141E+01 3.2288829787E+01 2.5926697807E+01 5.2744792139E+01 4.2000000000E+00 0.0000000000E+00 9.0000000000E+00
 -5 1 1 2 0 501 4.4454134680E+01 2.5900888963E+01 4.1406607615E+01 6.6175322390E+01 4.2000000000E+00 0.0000000000E+00 9.0000000000E+00
 -11 1 1 2 0 0 -3.5137828607E+01 -9.2968657501E+01 -1.3118780886E+01 1.0024939246E+02 5.1098791857E-04 0.0000000000E+00 9.0000000000E+00
 12 1 1 2 0 0 1.5336306308E+01 -1.6743567087E+01 -3.8388118436E+01 4.4600414426E+01 -6.7434957617E-07 0.0000000000E+00 9.0000000000E+00
 13 1 1 2 0 0 -5.4292898305E+01 4.1595481152E+01 1.3876232011E+01 6.9788708521E+01 1.0565838899E-01 0.0000000000E+00 9.0000000000E+00
 -14 1 1 2 0 0 -2.7573974759E+00 9.9270266185E+00 -2.9703978687E+01 3.1440029392E+01 0.0000000000E+00 0.0000000000E+00 9.0000000000E+00
</event>
<event>
 10 1 1.0000000000E+00 3.6336668474E+02 -1.0000000000E+00 1.1780000000E-01
 11 -1 0 0 0 0 0.0000000000E+00 0.0000000000E+00 1.8250000000E+02 1.8250000000E+02 5.1099700000E-04 0.0000000000E+00 9.0000000000E+00
 -11 -1 0 0 0 0 0.0000000000E+00 0.0000000000E+00 -1.8250000000E+02 1.8250000000E+02 5.1099700000E-04 0.0000000000E+00 9.0000000000E+00
 22 1 1 2 0 0 -5.1492763463E-01 4.8086998539E-01 1.4657941137E+00 1.6263267801E+00 0.0000000000E+00 0.0000000000E+00 9.0000000000E+00
 22 1 1 2 0 0 -4.8146754539E-05 -9.4652916825E-05 -3.3609253352E-03 3.3626026220E-03 0.0000000000E+00 0.0000000000E+00 9.0000000000E+00
 5 1 1 2 501 0 4.1484394387E+01 -4.6961143040E+01 3.8323713747E+00 6.2917652560E+01 4.2000000000E+00 0.0000000000E+00 9.0000000000E+00
 -5 1 1 2 0 501 -4.8983984716E+01 2.9389011621E+01 1.0191559995E+01 5.8177767728E+01 4.2000000000E+00 0.0000000000E+00 9.0000000000E+00
 -11 1 1 2 0 0 8.2117982243E+00 -1.3042580588E+01 -8.1707342417E+00 1.7444295250E+01 5.1099720721E-04 0.0000000000E+00 9.0000000000E+00
 12 1 1 2 0 0 -5.4131668591E+01 4.9107917843E+01 6.6655860399E+01 9.8918293884E+01 2.6973983047E-06 0.0000000000E+00 9.0000000000E+00
 13 1 1 2 0 0 -1.0469720883E+01 1.6588337471E+01 2.5259622036E+00 1.9778261909E+01 1.0565838900E-01 0.0000000000E+00 9.0000000000E+00
 -14 1 1 2 0 0 6.4404157359E+01 -3.5562318639E+01 -7.6497452920E+01 1.0613403929E+02 2.3360154560E-06 0.0000000000E+00 9.0000000000E+00
</event>
<event>
 10 1 1.0000000000E+00 3.6429909814E+02 -1.0000000000E+00 1.1780000000E-01
 11 -1 0 0 0 0 0.0000000000E+00 0.0000000000E+00 1.8250000000E+02 1.8250000000E+02 5.1099700000E-04 0.0000000000E+00 9.0000000000E+00
 -11 -1 0 0 0 0 0.0000000000E+00 0.0000000000E+00 -1.8250000000E+02 1.8250000000E+02 5.1099700000E-04 0.0000000000E+00 9.0000000000E+00
 22 1 1 2 0 0 -6.6000792325E-01 -1.9798933943E-01 1.2454021816E-01 7.0022889345E-01 1.0536712128E-08 0.0000000000E+00 9.0000000000E+00
 22 1 1 2 0 0 2.1160245262E-09 3.0229547795E-09 -3.5935514560E-09 5.1506725251E-09 5.5511151231E-17 0.0000000000E+00 9.0000000000E+00
 5 1 1 2 501 0 -8.2385845603E+01 -1.2599457160E+01 -1.7556768704E+01 8.5276339061E+01 4.2000000000E+00 0.0000000000E+00 9.0000000000E+00
 -5 1 1 2 0 501 3.1666151655E+01 1.9968293576E+01 5.6781934636E+01 6.8141808092E+01 4.2000000000E+00 0.0000000000E+00 9.0000000000E+00
 -11 1 1 2 0 0 -9.1527653881E+00 2.0255708543E+01 2.8377039637E+01 3.6046126305E+01 5.1099793027E-04 0.0000000000E+00 9.0000000000E+00
 12 1 1 2 0 0 4.9982565417E+01 -3.6611192839E+01 9.0305747935E+00 6.2611401261E+01 -1.9073486328E-06 0.0000000000E+00 9.0000000000E+00
 13 1 1 2 0 0 3.8015904687E+01 9.6937662385E+00 -7.5067621225E+01 8.4701458270E+01 1.0565838900E-01 0.0000000000E+00 9.0000000000E+00
 -14 1 1 2 0 0 -2.7466002847E+01 -5.0912902134E-01 -1.6896993519E+00 2.7522638112E+01 0.0000000000E+00 0.0000000000E+00 9.0000000000E+00
</event>
<event>
 10 1 1.0000000000E+00 3.6499999803E+02 -1.0000000000E+00 1.1780000000E-01
 11 -1 0 0 0 0 0.0000000000E+00 0.0000000000E+00 1.8250000000E+02 1.8250000000E+02 5.1099700000E-04 0.0000000000E+00 9.0000000000E+00
 -11 -1 0 0 0 0 0.0000000000E+00 0.0000000000E+00 -1.8250000000E+02 1.8250000000E+02 5.1099700000E-04 0.0000000000E+00 9.0000000000E+00
 22 1 1 2 0 0 9.7258187132E-08 4.8627795685E-08 1.9646839956E-06 1.9676907836E-06 -2.8421709430E-14 0.0000000000E+00 9.0000000000E+00
 22 1 1 2 0 0 -4.3600889631E-19 -9.6075037030E-19 -6.2208254481E-18 6.3096603940E-18 7.3113127550E-26 0.0000000000E+00 9.0000000000E+00
 5 1 1 2 501 0 -1.8172309581E+01 5.6922347745E+01 2.7843603403E+01 6.6055225068E+01 4.2000000000E+00 0.0000000000E+00 9.0000000000E+00
 -5 1 1 2 0 501 -1.2042944690E+01 6.0036803383E+01 -2.3825410227E+01 6.5838745809E+01 4.2000000000E+00 0.0000000000E+00 9.0000000000E+00
 -11 1 1 2 0 0 2.5261644382E+01 2.4252483233E+00 3.7953256427E+01 4.5656129709E+01 5.1099726283E-04 0.0000000000E+00 9.0000000000E+00
 12 1 1 2 0 0 9.4306503446E+00 -7.6607838443E+01 6.1364315002E+00 7.7429670465E+01 -1.3486991523E-06 0.0000000000E+00 9.0000000000E+00
 13 1 1 2 0 0 -6.4356998836E+00 1.0687228940E+01 -5.4710276812E+01 5.6114709729E+01 1.0565838900E-01 0.0000000000E+00 9.0000000000E+00
 -14 1 1 2 0 0 1.9586593304E+00 -5.3463789997E+01 6.6023937438E+00 5.3905517253E+01 9.5367431641E-07 0.0000000000E+00 9.0000000000E+00
</event>
<event>
 10 1 1.0000000000E+00 3.6499995422E+02 -1.0000000000E+00 1.1780000000E-01
 11 -1 0 0 0 0 0.0000000000E+00 0.0000000000E+00 1.8250000000E+02 1.8250000000E+02 5.1099700000E-04 0.0000000000E+00 9.0000000000E+00
 -11 -1 0 0 0 0 0.0000000000E+00 0.0000000000E+00 -1.8250000000E+02 1.8250000000E+02 5.1099700000E-04 0.0000000000E+00 9.0000000000E+00
 22 1 1 2 0 0 1.0331779854E-05 6.0241930094E-06 4.4110594541E-05 4.5703185087E-05 0.0000000000E+00 0.0000000000E+00 9.0000000000E+00
 22 1 1 2 0 0 -1.4530856077E-08 7.0304684801E-08 -3.3730483224E-09 7.1869826341E-08 -1.2560739669E-15 0.0000000000E+00 9.0000000000E+00
 5 1 1 2 501 0 1.4896520244E+01 -2.5427681349E-01 -8.5745048960E+01 8.7131075933E+01 4.2000000000E+00 0.0000000000E+00 9.0000000000E+00
 -5 1 1 2 0 501 -2.9763318884E+01 3.0884932464E+00 6.8962538916E+01 7.5291870181E+01 4.2000000000E+00 0.0000000000E+00 9.0000000000E+00
 -11 1 1 2 0 0 -5.7899594828E+01 -2.3410095685E+01 5.4065110504E+00 6.2686729243E+01 5.1099637290E-04 0.0000000000E+00 9.0000000000E+00
 12 1 1 2 0 0 8.9332908510E+00 1.9112879136E+01 2.7256153501E+01 3.4467430104E+01 8.2590618494E-07 0.0000000000E+00 9.0000000000E+00
 13 1 1 2 0 0 -9.6982883005E+00 1.4045582422E-01 -2.9123805779E+01 3.0696640705E+01 1.0565838900E-01 0.0000000000E+00 9.0000000000E+00
 -14 1 1 2 0 0 7.3531380600E+01 1.3225381976E+00 1.3243607165E+01 7.4726208059E+01 -9.5367431641E-07 0.0000000000E+00 9.0000000000E+00
</event>
<event>
 10 1 1.0000000000E+00 3.6492474341E+02 -1.0000000000E+00 1.1780000000E-01
 11 -1 0 0 0 0 0.0000000000E+00 0.0000000000E+00 1.8250000000E+02 1.8250000000E+02 5.1099700000E-04 0.0000000000E+00 9.0000000000E+00
 -11 -1 0 0 0 0 0.0000000000E+00 0.0000000000E+00 -1.8250000000E+02 1.8250000000E+02 5.1099700000E-04 0.0000000000E+00 9.0000000000E+00
 22 1 1 2 0 0 3.0404964193E-08 -1.3480733652E-09 2.3429548215E-07 2.3626394584E-07 2.5121479339E-15 0.0000000000E+00 9.0000000000E+00
 22 1 1 2 0 0 -2.7910404102E-02 1.2101837502E-02 -6.8825186162E-02 7.5248597185E-02 -9.3132257462E-10 0.0000000000E+00 9.0000000000E+00
 5 1 1 2 501 0 -7.2533038760E+00 2.9945335596E+01 -6.0407084000E+01 6.7941072544E+01 4.2000000000E+00 0.0000000000E+00 9.0000000000E+00
 -5 1 1 2 0 501 -5.6962164549E+00 -8.0430023566E+01 -2.1677152552E+01 8.3600086815E+01 4.2000000000E+00 0.0000000000E+00 9.0000000000E+00
 -11 1 1 2 0 0 2.5653884134E+01 1.7545969349E+01 3.4931212796E+01 4.6756522959E+01 5.1099637290E-04 0.0000000000E+00 9.0000000000E+00
 12 1 1 2 0 0 -5.7159347532E+01 -7.5115506866E+00 3.7249696403E+01 6.8637848787E+01 -9.5367431641E-07 0.0000000000E+00 9.0000000000E+00
 13 1 1 2 0 0 5.7784738119E+01 3.1526436919E+00 4.8878569298E+00 5.8076823525E+01 1.0565838900E-01 0.0000000000E+00 9.0000000000E+00
 -14 1 1 2 0 0 -1.3301844017E+01 3.7285523780E+01 5.0842953737E+00 3.9912396536E+01 -6.7434957617E-07 0.0000000000E+00 9.0000000000E+00
</event>
<event>
 10 1 1.0000000000E+00 3.4961242171E+02 -1.0000000000E+00 1.1780000000E-01
 11 -1 0 0 0 0 0.0000000000E+00 0.0000000000E+00 1.8250000000E+02 1.8250000000E+02 5.1099700000E-04 0.0000000000E+00 9.0000000000E+00
 -11 -1 0 0 0 0 0.0000000000E+00 0.0000000000E+00 -1.8250000000E+02 1.8250000000E+02 5.1099700000E-04 0.0000000000E+00 9.0000000000E+00
 22 1 1 2 0 0 9.1639523658E+00 2.1688512763E+00 1.1756650088E+01 1.5063225422E+01 1.6858739404E-07 0.0000000000E+00 9.0000000000E+00
 22 1 1 2 0 0 1.2653608171E-08 -3.4882235778E-08 -2.2263650318E-08 4.3273020441E-08 6.2803698347E-16 0.0000000000E+00 9.0000000000E+00
 5 1 1 2 501 0 2.5133267123E+01 4.9422172894E+01 -5.1019893822E+01 7.5464573513E+01 4.2000000000E+00 0.0000000000E+00 9.0000000000E+00
 -5 1 1 2 0 501 4.2194562393E+01 -2.3528236557E+01 -4.6694991988E+01 6.7320288827E+01 4.2000000000E+00 0.0000000000E+00 9.0000000000E+00
 -11 1 1 2 0 0 -7.5020732816E+00 -2.3038774415E+01 5.0186399022E+01 5.5729174380E+01 5.1099770779E-04 0.0000000000E+00 9.0000000000E+00
 12 1 1 2 0 0 -3.4682478534E+01 -1.3185561922E+01 -2.4687214922E+01 4.4566713376E+01 0.0000000000E+00 0.0000000000E+00 9.0000000000E+00
 13 1 1 2 0 0 -2.1190537164E+01 3.4544292146E+01 1.0471095596E+00 4.0539543501E+01 1.0565838900E-01 0.0000000000E+00 9.0000000000E+00
 -14 1 1 2 0 0 -1.3116692915E+01 -2.6382743388E+01 5.9411942084E+01 6.6316480938E+01 -1.6518123699E-06 0.0000000000E+00 9.0000000000E+00
</event>
<event>
 10 1 1.0000000000E+00 3.6498470491E+02 -1.0000000000E+00 1.1780000000E-01
 11 -1 0 0 0 0 0.0000000000E+00 0.0000000000E+00 1.8250000000E+02 1.8250000000E+02 5.1099700000E-04 0.0000000000E+00 9.0000000000E+00
 -11 -1 0 0 0 0 0.0000000000E+00 0.0000000000E+00 -1.8250000000E+02 1.8250000000E+02 5.1099700000E-04 0.0000000000E+00 9.0000000000E+00
 22 1 1 2 0 0 6.8829785071E-23 7.8017964608E-23 9.4794491009E-24 1.0447105853E-22 -1.1156177910E-30 0.0000000000E+00 9.0000000000E+00
 22 1 1 2 0 0 6.9690270517E-06 -8.3537492937E-06 -1.5294761920E-02 1.5294765789E-02 1.6463612700E-10 0.0000000000E+00 9.0000000000E+00
 5 1 1 2 501 0 -1.3021329047E+01 5.0497206353E+01 6.6019221851E-01 5.2322067174E+01 4.2000000000E+00 0.0000000000E+00 9.0000000000E+00
 -5 1 1 2 0 501 -2.7641802894E+01 -4.4175334962E+01 3.2621223614E+01 6.1622347540E+01 4.2000000000E+00 0.0000000000E+00 9.0000000000E+00
 -11 1 1 2 0 0 8.2163276392E+00 -6.1070457911E+01 2.9691916246E+01 6.8401160516E+01 5.1099414809E-04 0.0000000000E+00 9.0000000000E+00
 12 1 1 2 0 0 4.6894694669E+01 -2.6487235991E+01 -3.3187111886E+01 6.3261919461E+01 -6.7434957617E-07 0.0000000000E+00 9.0000000000E+00
 13 1 1 2 0 0 1.1011266123E+01 6.0241687323E+01 1.5675310893E+01 6.3214202585E+01 1.0565838900E-01 0.0000000000E+00 9.0000000000E+00
 -14 1 1 2 0 0 -2.5459163459E+01 2.0994143542E+01 -4.5446236323E+01 5.6163007959E+01 0.0000000000E+00 0.0000000000E+00 9.0000000000E+00
</event>
<event>
 10 1 1.0000000000E+00 3.6500000000E+02 -1.0000000000E+00 1.1780000000E-01
 11 -1 0 0 0 0 0.0000000000E+00 0.0000000000E+00 1.8250000000E+02 1.8250000000E+02 5.1099700000E-04 0.0000000000E+00 9.0000000000E+00
 -11 -1 0 0 0 0 0.0000000000E+00 0.0000000000E+00 -1.8250000000E+02 1.8250000000E+02 5.1099700000E-04 0.0000000000E+00 9.0000000000E+00
 22 1 1 2 0 0 8.9632509122E-13 1.0018983535E-12 -3.1571403150E-12 3.4314332208E-12 -3.8332335417E-20 0.0000000000E+00 9.0000000000E+00
 22 1 1 2 0 0 -7.8967578064E-17 4.7024018716E-18 -1.6879902385E-16 1.8641647304E-16 -2.3396200816E-24 0.0000000000E+00 9.0000000000E+00
 5 1 1 2 501 0 1.8559664028E+01 -2.5113698935E+01 -7.5614868552E+01 8.1917076054E+01 4.2000000000E+00 0.0000000000E+00 9.0000000000E+00
 -5 1 1 2 0 501 4.8603119679E+00 8.0336586273E+01 2.7430774493E+01 8.5133290291E+01 4.2000000000E+00 0.0000000000E+00 9.0000000000E+00
 -11 1 1 2 0 0 4.8626995541E+01 -1.3898068700E+01 2.6956876996E+01 5.7309809165E+01 5.1099503802E-04 0.0000000000E+00 9.0000000000E+00
 12 1 1 2 0 0 -3.3064311457E+01 -4.6837452763E+00 2.7224082922E+01 4.3085227780E+01 -4.7683715820E-07 0.0000000000E+00 9.0000000000E+00
 13 1 1 2 0 0 -2.7541360973E+01 -2.5430551796E+00 -3.9620180571E+01 4.8319391202E+01 1.0565838900E-01 0.0000000000E+00 9.0000000000E+00
 -14 1 1 2 0 0 -1.1441299107E+01 -3.4098018182E+01 3.3623314712E+01 4.9235205508E+01 -1.6518123699E-06 0.0000000000E+00 9.0000000000E+00
</event>
<event>
 10 1 1.0000000000E+00 3.6499999199E+02 -1.0000000000E+00 1.1780000000E-01
